image: atr_2fw.pgm
resolution: 0.050000
origin: [-34.20000, -30.000000, 0.000000]
negate: 0
occupied_thresh: 0.65
free_thresh: 0.196

