image: emirates_pavillion.pgm
resolution: 0.050000
origin: [-1.744216, -13.674603, 0.000000]
negate: 0
occupied_thresh: 0.65
free_thresh: 0.196

