image: future_lab.pgm
resolution: 0.050000
origin: [-3.624282, -5.905532, 0.000000]
negate: 0
occupied_thresh: 0.65
free_thresh: 0.196

