image: motf_2f.pgm
resolution: 0.050000
origin: [-13.814725, -7.977467, 0.000000]
negate: 0
occupied_thresh: 0.65
free_thresh: 0.196

