image: s2_gamp_3f_FrontOnly.pgm
resolution: 0.050000
origin: [-90.800000, -30.000000, 0.000000]
negate: 0
occupied_thresh: 0.65
free_thresh: 0.196

